50 50
3536 3536 3536 3536 3536 3536 3536 3536 3536 3536 3536 3536 3536 3536 3536 3536 3536 3536 3536 3536 3536 3536 3536 3536 3536 3536 3536 3536 3536 3536 3536 3536 3536 3536 3536 3536 3536 3536 3536 3536 3536 3536 3536 3536 3536 3536 3536 3536 3536 3536
0 2056 2472 1979 3177 2160 4873 5155 4457 923 3301 718 2843 3421 1370 4153 5055 4863 5063 4164 2459 2931 3285 2366 371 3802 1907 3765 1461 1400 3286 4148 3893 4465 3148 2447 3908 987 4800 2885 3359 2175 756 4792 2401 2368 3006 795 2665 4548
2056 0 1513 1270 2193 1299 3934 3696 2510 1155 1641 2764 1438 3641 688 3508 3235 4980 3710 2193 765 2571 1232 2802 1953 2935 1046 2236 993 2777 1230 2808 3715 3697 1909 667 2722 2099 4525 918 2636 3232 1926 4672 1074 1010 1039 1594 1331 4186
2472 1513 0 495 756 321 2541 2685 2410 1715 1083 2994 551 2264 1657 2012 2764 3510 2593 2216 900 1098 1946 1682 2163 1482 2492 1355 2259 2333 2023 1676 2221 2234 681 2137 1449 1845 3012 2167 1133 2405 1873 3169 480 2523 2255 1686 2838 2673
1979 1270 495 0 1232 184 3002 3176 2741 1233 1443 2518 922 2371 1240 2410 3184 3720 3087 2508 904 1334 2018 1586 1676 1930 2144 1814 1855 1965 2077 2170 2479 2663 1169 1934 1942 1410 3327 2073 1537 2175 1405 3441 572 2256 2178 1197 2592 3004
3177 2193 756 1232 0 1072 1786 2043 2299 2464 1111 3642 826 2040 2409 1329 2405 3059 1906 2201 1474 871 2305 1838 2846 744 3210 990 3004 2808 2399 1041 1755 1505 410 2763 743 2440 2422 2697 514 2676 2520 2634 1119 3188 2763 2382 3481 2066
2160 1299 321 184 1072 0 2852 2995 2581 1395 1273 2702 745 2368 1358 2291 3006 3682 2910 2357 823 1273 1931 1652 1860 1787 2228 1630 1967 2125 1996 1990 2419 2530 987 1950 1769 1586 3246 2046 1412 2291 1588 3378 441 2302 2145 1381 2630 2916
4873 3934 2541 3002 1786 2852 0 1370 3028 4232 2485 5242 2499 2430 4195 865 2554 2499 1060 3128 3179 2005 3730 2961 4520 1077 4970 1936 4786 4203 3832 1315 1690 508 2025 4444 1239 4020 1552 4279 1514 3787 4160 1910 2880 4897 4318 4083 5162 1295
5155 3696 2685 3176 2043 2995 1370 0 1971 4350 2057 5668 2362 3533 4156 1995 1280 3853 310 2178 2951 2710 3076 3757 4847 1724 4725 1465 4666 4841 3174 1013 2878 1735 2008 4038 1310 4479 2916 3740 2124 4617 4543 3269 2816 4518 3741 4371 4712 2633
4457 2510 2410 2741 2299 2581 3028 1971 0 3537 1327 5116 1861 4331 3158 3214 881 5174 2182 329 2004 3166 1432 4043 4254 2629 3363 1344 3476 4705 1503 1779 3934 3143 1937 2557 2046 4134 4356 2131 2738 4811 4078 4656 2178 3012 2085 3797 3104 4008
923 1155 1715 1233 2464 1395 4232 4350 3537 0 2417 1615 1996 3218 497 3603 4158 4657 4288 3242 1548 2436 2374 2208 801 3157 1334 2919 897 1755 2381 3361 3526 3877 2357 1640 3161 1087 4419 2032 2747 2365 853 4477 1542 1691 2155 537 2029 4124
3301 1641 1083 1443 1111 1273 2485 2057 1327 2417 0 3912 536 3126 2144 2320 1759 4159 2086 1150 912 1925 1264 2730 3051 1686 2670 608 2619 3394 1365 1225 2861 2386 702 2017 1252 2852 3466 1799 1615 3484 2827 3709 911 2491 1834 2576 2719 3106
718 2764 2994 2518 3642 2702 5242 5668 5116 1615 3912 0 3424 3494 2081 4464 5672 4887 5547 4832 3112 3246 3989 2480 864 4197 2596 4331 2162 1257 3993 4655 4071 4799 3675 3164 4384 1223 4964 3603 3742 2035 1124 4903 3002 3069 3723 1337 3355 4752
2843 1438 551 922 826 745 2499 2362 1861 1996 536 3424 0 2709 1801 2149 2262 3851 2327 1665 680 1505 1509 2221 2569 1539 2481 925 2344 2861 1598 1403 2545 2293 477 1959 1285 2331 3246 1871 1330 2956 2322 3450 455 2402 1937 2090 2679 2892
3421 3641 2264 2371 2040 2368 2430 3533 4331 3218 3126 3494 2709 0 3474 1585 4313 1449 3267 4240 3156 1206 4200 1056 3056 1854 4434 2996 4065 2253 4281 2776 763 1926 2431 4305 2421 2434 1524 4411 1603 1582 2679 1413 2736 4613 4506 2799 4954 1410
1370 688 1657 1240 2409 1358 4195 4156 3158 497 2144 2081 1801 3474 0 3646 3836 4884 4128 2850 1236 2556 1919 2518 1294 3140 963 2697 616 2227 1916 3203 3689 3887 2223 1145 3050 1548 4555 1538 2769 2787 1334 4651 1356 1238 1660 1005 1584 4239
4153 3508 2012 2410 1329 2291 865 1995 3214 3603 2320 4464 2149 1585 3646 0 2961 1972 1710 3226 2803 1225 3576 2113 3789 634 4504 1919 4258 3376 3674 1452 884 360 1691 4092 1171 3251 1157 4017 880 2927 3417 1442 2435 4511 4078 3381 4808 801
5055 3235 2764 3184 2405 3006 2554 1280 881 4158 1759 5672 2262 4313 3836 2961 0 4923 1555 1187 2614 3253 2273 4241 4810 2478 4161 1438 4224 5094 2353 1546 3786 2798 2146 3377 1893 4592 4030 2978 2727 5067 4582 4363 2670 3844 2942 4335 3960 3708
4863 4980 3510 3720 3059 3682 2499 3853 5174 4657 4159 4887 3851 1449 4884 1972 4923 0 3546 5163 4405 2416 5357 2502 4501 2548 5837 3852 5487 3631 5448 3424 1307 2136 3468 5631 3129 3876 953 5674 2546 2883 4125 591 3989 5976 5757 4248 6309 1223
5063 3710 2593 3087 1906 2910 1060 310 2182 4288 2086 5547 2327 3267 4128 1710 1555 3546 0 2359 2952 2505 3186 3548 4743 1497 4750 1479 4661 4671 3287 928 2595 1435 1931 4096 1163 4344 2607 3828 1921 4408 4425 2961 2775 4574 3839 4272 4786 2327
4164 2193 2216 2508 2201 2357 3128 2178 329 3242 1150 4832 1665 4240 2850 3226 1187 5163 2359 0 1725 3053 1103 3879 3973 2617 3034 1312 3152 4472 1177 1835 3896 3192 1815 2229 2057 3882 4380 1805 2671 4620 3813 4665 1937 2683 1761 3523 2781 4026
2459 765 900 904 1474 823 3179 2951 2004 1548 912 3112 680 3156 1236 2803 2614 4405 2952 1725 0 1997 1114 2474 2251 2207 1811 1487 1715 2802 1175 2044 3110 2966 1156 1289 1959 2178 3868 1269 1952 3077 2091 4046 421 1723 1355 1798 2008 3519
2931 2571 1098 1334 871 1273 2005 2710 3166 2436 1925 3246 1505 1206 2556 1225 3253 2416 2505 3053 1997 0 3006 1047 2566 1020 3477 1859 3172 2210 3090 1787 1147 1553 1238 3217 1433 2028 2000 3265 586 1907 2191 2108 1578 3575 3352 2168 3902 1691
3285 1232 1946 2018 2305 1931 3730 3076 1432 2374 1264 3989 1509 4200 1919 3576 2273 5357 3186 1103 1114 3006 0 3582 3161 2943 1945 1798 2111 3867 103 2432 4050 3650 1903 1130 2510 3213 4711 705 2818 4187 3083 4938 1502 1580 677 2762 1690 4353
2366 2802 1682 1586 1838 1652 2961 3757 4043 2208 2730 2480 2221 1056 2518 2113 4241 2502 3548 3879 2474 1047 3582 0 2001 2055 3480 2812 3083 1288 3648 2822 1594 2470 2124 3466 2474 1379 2484 3653 1632 861 1623 2438 2083 3716 3760 1758 4063 2280
371 1953 2163 1676 2846 1860 4520 4847 4254 801 3051 864 2569 3056 1294 3789 4810 4501 4743 3973 2251 2566 3161 2001 0 3453 2000 3483 1541 1123 3172 3836 3522 4105 2843 2428 3583 625 4429 2832 3006 1865 385 4422 2141 2422 2954 480 2743 4177
3802 2935 1482 1930 744 1787 1077 1724 2629 3157 1686 4197 1539 1854 3140 634 2478 2548 1497 2617 2207 1020 2943 2055 3453 0 3953 1306 3740 3221 3041 933 1319 761 1070 3495 596 2975 1786 3398 457 2913 3100 2051 1863 3926 3455 3011 4214 1427
1907 1046 2492 2144 3210 2228 4970 4725 3363 1334 2670 2596 2481 4434 963 4504 4161 5837 4750 3034 1811 3477 1945 3480 2000 3953 0 3272 459 3068 1893 3852 4620 4713 2948 821 3766 2416 5469 1300 3625 3699 2168 5584 2094 499 1392 1869 760 5143
3765 2236 1355 1814 990 1630 1936 1465 1344 2919 608 4331 925 2996 2697 1919 1438 3852 1479 1312 1487 1859 1798 2812 3483 1306 3272 0 3202 3669 1901 635 2594 1913 709 2623 759 3199 3075 2387 1397 3631 3217 3354 1377 3099 2412 3003 3323 2719
1461 993 2259 1855 3004 1967 4786 4666 3476 897 2619 2162 2344 4065 616 4258 4224 5487 4661 3152 1715 3172 2111 3083 1541 3740 459 3202 0 2613 2078 3744 4302 4492 2789 1071 3617 1967 5172 1551 3379 3258 1715 5264 1918 908 1661 1424 1208 4856
1400 2777 2333 1965 2808 2125 4203 4841 4705 1755 3394 1257 2861 2253 2227 3376 5094 3631 4671 4472 2802 2210 3867 1288 1123 3221 3068 3669 2613 0 3902 3848 2875 3727 2963 3360 3530 681 3749 3695 2769 794 903 3666 2535 3445 3816 1222 3782 3563
3286 1230 2023 2077 2399 1996 3832 3174 1503 2381 1365 3993 1598 4281 1916 3674 2353 5448 3287 1177 1175 3090 103 3648 3172 3041 1893 1901 2078 3902 0 2534 4141 3751 1999 1073 2612 3244 4808 628 2912 4239 3106 5032 1572 1512 589 2782 1607 4450
4148 2808 1676 2170 1041 1990 1315 1013 1779 3361 1225 4655 1403 2776 3203 1452 1546 3424 928 1835 2044 1787 2432 2822 3836 933 3852 635 3744 3848 2534 0 2244 1365 1005 3237 359 3468 2580 3018 1220 3678 3531 2888 1848 3708 3045 3361 3944 2236
3893 3715 2221 2479 1755 2419 1690 2878 3934 3526 2861 4071 2545 763 3689 884 3786 1307 2595 3896 3110 1147 4050 1594 3522 1319 4620 2594 4302 2875 4141 2244 0 1196 2165 4355 1915 2922 908 4376 1245 2285 3137 963 2698 4721 4456 3188 5046 689
4465 3697 2234 2663 1505 2530 508 1735 3143 3877 2386 4799 2293 1926 3887 360 2798 2136 1435 3192 2966 1553 3650 2470 4105 761 4713 1913 4492 3727 3751 1365 1196 0 1820 4252 1157 3581 1234 4139 1130 3287 3737 1567 2624 4687 4191 3684 4972 914
3148 1909 681 1169 410 987 2025 2008 1937 2357 702 3675 477 2431 2223 1691 2146 3468 1931 1815 1156 1238 1903 2124 2843 1070 2948 709 2789 2963 1999 1005 2165 1820 0 2435 828 2514 2811 2328 921 2929 2553 3035 872 2878 2387 2365 3155 2453
2447 667 2137 1934 2763 1950 4444 4038 2557 1640 2017 3164 1959 4305 1145 4092 3377 5631 4096 2229 1289 3217 1130 3466 2428 3495 821 2623 1071 3360 1073 3237 4355 4252 2435 0 3209 2678 5143 486 3235 3866 2476 5305 1671 481 591 2144 720 4798
3908 2722 1449 1942 743 1769 1239 1310 2046 3161 1252 4384 1285 2421 3050 1171 1893 3129 1163 2057 1959 1433 2510 2474 3583 596 3766 759 3617 3530 2612 359 1915 1157 828 3209 0 3182 2324 3041 862 3331 3262 2613 1700 3668 3082 3115 3926 1970
987 2099 1845 1410 2440 1586 4020 4479 4134 1087 2852 1223 2331 2434 1548 3251 4592 3876 4344 3882 2178 2028 3213 1379 625 2975 2416 3199 1967 681 3244 3468 2922 3581 2514 2678 3182 0 3828 3016 2519 1301 269 3808 1958 2774 3137 550 3115 3588
4800 4525 3012 3327 2422 3246 1552 2916 4356 4419 3466 4964 3246 1524 4555 1157 4030 953 2607 4380 3868 2000 4711 2484 4429 1786 5469 3075 5172 3749 4808 2580 908 1234 2811 5143 2324 3828 0 5114 1920 3105 4044 362 3473 5535 5184 4093 5850 360
2885 918 2167 2073 2697 2046 4279 3740 2131 2032 1799 3603 1871 4411 1538 4017 2978 5674 3828 1805 1269 3265 705 3653 2832 3398 1300 2387 1551 3695 628 3018 4376 4139 2328 486 3041 3016 5114 0 3195 4137 2837 5306 1687 887 123 2504 988 4761
3359 2636 1133 1537 514 1412 1514 2124 2738 2747 1615 3742 1330 1603 2769 880 2727 2546 1921 2671 1952 586 2818 1632 3006 457 3625 1397 3379 2769 2912 1220 1245 1130 921 3235 862 2519 1920 3195 0 2493 2649 2122 1567 3643 3265 2571 3947 1568
2175 3232 2405 2175 2676 2291 3787 4617 4811 2365 3484 2035 2956 1582 2787 2927 5067 2883 4408 4620 3077 1907 4187 861 1865 2913 3699 3631 3258 794 4239 3678 2285 3287 2929 3866 3331 1301 3105 4137 2493 0 1567 2977 2731 4025 4253 1834 4371 2967
756 1926 1873 1405 2520 1588 4160 4543 4078 853 2827 1124 2322 2679 1334 3417 4582 4125 4425 3813 2091 2191 3083 1623 385 3100 2168 3217 1715 903 3106 3531 3137 3737 2553 2476 3262 269 4044 2837 2649 1567 0 4039 1919 2543 2959 333 2880 3793
4792 4672 3169 3441 2634 3378 1910 3269 4656 4477 3709 4903 3450 1413 4651 1442 4363 591 2961 4665 4046 2108 4938 2438 4422 2051 5584 3354 5264 3666 5032 2888 963 1567 3035 5305 2613 3808 362 5306 2122 2977 4039 0 3640 5679 5381 4117 6002 656
2401 1074 480 572 1119 441 2880 2816 2178 1542 911 3002 455 2736 1356 2435 2670 3989 2775 1937 421 1578 1502 2083 2141 1863 2094 1377 1918 2535 1572 1848 2698 2624 872 1671 1700 1958 3473 1687 1567 2731 1919 3640 0 2076 1776 1665 2380 3128
2368 1010 2523 2256 3188 2302 4897 4518 3012 1691 2491 3069 2402 4613 1238 4511 3844 5976 4574 2683 1723 3575 1580 3716 2422 3926 499 3099 908 3445 1512 3708 4721 4687 2878 481 3668 2774 5535 887 3643 4025 2543 5679 2076 0 958 2225 349 5196
3006 1039 2255 2178 2763 2145 4318 3741 2085 2155 1834 3723 1937 4506 1660 4078 2942 5757 3839 1761 1355 3352 677 3760 2954 3455 1392 2412 1661 3816 589 3045 4456 4191 2387 591 3082 3137 5184 123 3265 4253 2959 5381 1776 958 0 2626 1019 4829
795 1594 1686 1197 2382 1381 4083 4371 3797 537 2576 1337 2090 2799 1005 3381 4335 4248 4272 3523 1798 2168 2762 1758 480 3011 1869 3003 1424 1222 2782 3361 3188 3684 2365 2144 3115 550 4093 2504 2571 1834 333 4117 1665 2225 2626 0 2565 3822
2665 1331 2838 2592 3481 2630 5162 4712 3104 2029 2719 3355 2679 4954 1584 4808 3960 6309 4786 2781 2008 3902 1690 4063 2743 4214 760 3323 1208 3782 1607 3944 5046 4972 3155 720 3926 3115 5850 988 3947 4371 2880 6002 2380 349 1019 2565 0 5507
4548 4186 2673 3004 2066 2916 1295 2633 4008 4124 3106 4752 2892 1410 4239 801 3708 1223 2327 4026 3519 1691 4353 2280 4177 1427 5143 2719 4856 3563 4450 2236 689 914 2453 4798 1970 3588 360 4761 1568 2967 3793 656 3128 5196 4829 3822 5507 0
